191310132072
191310132073
191310132074
191310132075
191310132076
191310132077
191310132078
191310132079
191310132080
191310132081
191310132082
191310132083
191310132084
191310132085
191310132086
191310132087
191310132088
191310132089
191310132090
191310132091
191310132092
191310132093
191310132094
191310132095
191310132096
191310132097
191310132098
191310132099
191310132100
191310132101
191310132102
191310132103
191310132104
191310132105
191310132106
191310132107
191310132108
191310132109
191310132110
191310132111
191310132112
191310132113
191310132114
191310132115
191310132116
191310132117
191310132118
191310132119
191310132120
191310132121
191310132122
191310132123
191310132124
191310132125
191310132126
191310132127
191310132128
191310132129
191310132130